0
893642
517319
163424
181455
602165
836512
319115
540053
34845
392932
904148
542226
880551
34388
468063
503931
428052
363535
455733
867776
321727
398058
828819
946771
35981
885209
656921
600656
620329
932915
794536
795744
80166
967128
864258
456409
309406
967337
42101
778866
384658
615365
403068
535888
430478
1616
224873
953951
398693
575084
837275
169647
570241
536607
177519
784839
576418
22613
947895
865694
699482
364880
567244
376234
669532
45581
971766
274120
47845
698723
395073
139863
621697
854849
541309
185697
232722
453201
658374
514238
55043
591939
81689
538618
106542
813015
78181
283728
447115
580898
338915
23737
717938
207027
96623
806538
986158
226239
859077
75551
269028
754961
47008
302147
801735
174785
873142
322299
890919
980493
406691
444934
650974
29079
73138
97541
482286
56716
900062
633957
857473
579494
25313
797482
733543
655604
634289
491442
129625
818455
696859
847454
947676
235615
682627
93781
296059
451102
914028
528342
207679
571475
883937
42795
281996
801022
19314
206877
421000
963573
650936
876219
528127
275127
352444
825891
484722
719491
687593
802159
984290
293941
417199
117682
427206
782198
256006
62766
348523
695853
32063
969876
574823
70958
646299
43057
174230
850627
917674
304438
538278
250011
596051
258570
384700
924531
703232
728803
840485
338376
715072
239500
925723
96477
267981
453753
49768
894740
791833
800585
114401
744631
894913
403681
495450
276943
131436
494303
181600
819114
874583
442898
466753
415533
563359
176579
896968
979006
437364
868444
248716
777388
137725
278809
161462
375100
995404
430213
702782
124177
556354
227163
966294
875979
959322
379539
124765
220521
675381
918653
161408
987420
802816
503898
139725
223514
808215
865641
417596
15317
114422
786062
926756
722835
741642
498403
30060
102922
268791
478335
561849
352370
144114
527287
776719
844371
204576
321993
36027
256191
263411
259143
912045
281621
522382
521553
390111
191701
381704
887563
5164
115107
424581
597508
924268
897313
753013
776415
950736
618060
171849
310116
957391
57747
584695
739547
837549
369542
89360
146161
87085
539966
576305
893362
837898
952154
249057
285040
826210
787323
84499
622149
232374
275648
912840
497527
981467
531445
444067
579976
32918
958090
784118
886004
63350
931553
463689
985731
720436
56838
566510
